2.679289487631787124e+22
4.500574294273537396e+22
7.412453782043624473e+22
1.198415724935723331e+23
1.904022181566912985e+23
2.975695558629107842e+23
4.578872177819428973e+23
6.943124897467529649e+23
1.038304295410511561e+24
1.532464611834584078e+24
2.233847238227705106e+24
3.218064755686571365e+24
4.584343106648970059e+24
6.461693657878764548e+24
9.016395111875288358e+24
1.246100248997229255e+25
1.706512801049890190e+25
2.316826953680914842e+25
3.119499705076713143e+25
4.167284722100728319e+25
5.525332178389371621e+25
7.273643872650892349e+25
9.509934822790326815e+25
1.235296006345774421e+26
1.594637447455210971e+26
2.046320454029625319e+26
2.611102445603181420e+26
3.313794549270303685e+26
4.183954755785924692e+26
5.256690600855816335e+26
6.573589546515282023e+26
8.183798601094184350e+26
1.014527859207197315e+27
1.252626288855831409e+27
1.540695522753478829e+27
1.888150657368115375e+27
2.306031656001901506e+27
2.807271092821097042e+27
3.407005242606717993e+27
4.122934875078416990e+27
4.975742729675575031e+27
5.989575265087571021e+27
7.192596897775807661e+27
8.617625567525096394e+27
1.030285909913750368e+28
1.229270247107952654e+28
1.463870675629239557e+28
1.740063116738661770e+28
2.064764031533763467e+28
2.445964947215996834e+28
