1.500000000000000000e+03
1.531645569620253127e+03
1.563291139240506254e+03
1.594936708860759609e+03
1.626582278481012736e+03
1.658227848101265863e+03
1.689873417721518990e+03
1.721518987341772117e+03
1.753164556962025245e+03
1.784810126582278372e+03
1.816455696202531726e+03
1.848101265822784853e+03
1.879746835443037980e+03
1.911392405063291108e+03
1.943037974683544235e+03
1.974683544303797589e+03
2.006329113924050716e+03
2.037974683544303844e+03
2.069620253164556743e+03
2.101265822784810098e+03
2.132911392405063452e+03
2.164556962025316352e+03
2.196202531645569707e+03
2.227848101265823061e+03
2.259493670886075961e+03
2.291139240506329315e+03
2.322784810126582215e+03
2.354430379746835570e+03
2.386075949367088469e+03
2.417721518987341824e+03
2.449367088607595178e+03
2.481012658227848078e+03
2.512658227848101433e+03
2.544303797468354787e+03
2.575949367088607687e+03
2.607594936708860587e+03
2.639240506329113941e+03
2.670886075949367296e+03
2.702531645569620196e+03
2.734177215189873550e+03
2.765822784810126905e+03
2.797468354430379804e+03
2.829113924050632704e+03
2.860759493670886059e+03
2.892405063291139413e+03
2.924050632911392313e+03
2.955696202531645667e+03
2.987341772151899022e+03
3.018987341772151922e+03
3.050632911392404822e+03
3.082278481012658631e+03
3.113924050632911531e+03
3.145569620253164430e+03
3.177215189873417785e+03
3.208860759493671139e+03
3.240506329113924039e+03
3.272151898734177394e+03
3.303797468354430748e+03
3.335443037974683648e+03
3.367088607594936548e+03
3.398734177215189902e+03
3.430379746835443257e+03
3.462025316455696156e+03
3.493670886075949511e+03
3.525316455696202866e+03
3.556962025316455765e+03
3.588607594936709120e+03
3.620253164556962020e+03
3.651898734177215374e+03
3.683544303797468274e+03
3.715189873417721628e+03
3.746835443037974983e+03
3.778481012658227883e+03
3.810126582278481237e+03
3.841772151898734137e+03
3.873417721518987491e+03
3.905063291139240846e+03
3.936708860759493746e+03
3.968354430379747100e+03
4.000000000000000000e+03
