# T P mol abs
1.500000000000000000e+03 1.977809231672607304e-02 2.679289487631787124e+22 2.121311521503012505e-03
1.512605042016806692e+03 2.457863006928808283e-02 3.325362801424942393e+22 2.452691652204634382e-03
1.525210084033613384e+03 3.043910167555569091e-02 4.112963560019102951e+22 2.825385668162137733e-03
1.537815126050420076e+03 3.757029170374660831e-02 5.069965095183085837e+22 3.244558747865035776e-03
1.550420168067226996e+03 4.622025660691325005e-02 6.229109646472792926e+22 3.715036130078892222e-03
1.563025210084033688e+03 5.668008444423986575e-02 7.628748881294260175e+22 4.241490009911302352e-03
1.575630252100840380e+03 6.929041381673479993e-02 9.313679900192393082e+22 4.829043051310393311e-03
1.588235294117647072e+03 8.444879437022954904e-02 1.133608674107588189e+23 5.483914068126484812e-03
1.600840336134453764e+03 1.026179781707855926e-01 1.375659819003806367e+23 6.213743365252402846e-03
1.613445378151260456e+03 1.243352386309421326e-01 1.664547354102702916e+23 7.027450469329728916e-03
1.626050420168067149e+03 1.502228214786830163e-01 2.008392882265050820e+23 7.934713919177003097e-03
1.638655462184874068e+03 1.809996405352413129e-01 2.416561692867358433e+23 8.945325805891994261e-03
1.651260504201680760e+03 2.174943398256390381e-01 2.899827605010239822e+23 1.006871768396991156e-02
1.663865546218487452e+03 2.606598528122137659e-01 3.470556181198817890e+23 1.131384975814176373e-02
1.676470588235294144e+03 3.115895993441609724e-01 4.142907956812908237e+23 1.268945100582203125e-02
1.689075630252100837e+03 3.715354712862238840e-01 4.933063440263585768e+23 1.420442344032296807e-02
1.701680672268907529e+03 4.419277687615145167e-01 5.859471752987170853e+23 1.586818448921428065e-02
1.714285714285714221e+03 5.243972605554952926e-01 6.943124897467530991e+23 1.769081434917657916e-02
1.726890756302520913e+03 6.207995545232033452e-01 8.207859765421981659e+23 1.968300819402626217e-02
1.739495798319327605e+03 7.332419768678166694e-01 9.680690127267836912e+23 2.185590962410739746e-02
1.752100840336134524e+03 8.641131729686188923e-01 1.139217097814653343e+24 2.422088842651216878e-02
1.764705882352941217e+03 1.016115657090084001e+00 1.337679775528703213e+24 2.678926315857698554e-02
1.777310924369747909e+03 1.192301553866501385e+00 1.567344308650946542e+24 2.957193033078894112e-02
1.789915966386554601e+03 1.396111791001857005e+00 1.832583388041032866e+24 3.257889167902151134e-02
1.802521008403361293e+03 1.631419020233057404e+00 2.138307172544603622e+24 3.581874826806310391e-02
1.815126050420167985e+03 1.902574562365310085e+00 2.490019972799207811e+24 3.929828726381191101e-02
1.827731092436974905e+03 2.214459692199691521e+00 2.893881908877370193e+24 4.302227198040588230e-02
1.840336134453781597e+03 2.572541600542527451e+00 3.356775889315080167e+24 4.699346765864895886e-02
1.852941176470588289e+03 2.982934393331961864e+00 3.886380277393492489e+24 5.121285014960361842e-02
1.865546218487394981e+03 3.452465512367583145e+00 4.491247629610432997e+24 5.567990113187430007e-02
1.878151260504201673e+03 3.988747988325331395e+00 5.180889911140357012e+24 6.039290007446942304e-02
1.890756302521008365e+03 4.600258964832197428e+00 5.965870613782697605e+24 6.534915750810116331e-02
1.903361344537815057e+03 5.296424962531382619e+00 6.857904223497089085e+24 7.054517141197323704e-02
1.915966386554621749e+03 6.087714384461907713e+00 7.869963507175081684e+24 7.597671620271059800e-02
1.928571428571428442e+03 6.985737798902484030e+00 9.016395111875287284e+24 8.163888855458062421e-02
1.941176470588235361e+03 8.003356573290533404e+00 1.031304399442586365e+25 8.752613518455404362e-02
1.953781512605042053e+03 9.154800473142348238e+00 1.177738722516079718e+25 9.363227639055021756e-02
1.966386554621848745e+03 1.045579488330618290e+01 1.342867773670461397e+25 9.995052264073743531e-02
1.978991596638655437e+03 1.192369835562235281e+01 1.528809861725962390e+25 1.064734713784846742e-01
1.991596638655462129e+03 1.357765123740921531e+01 1.737892857790640307e+25 1.131930766478819461e-01
2.004201680672268822e+03 1.543873618941916170e+01 1.972671925513860906e+25 1.201006046478801520e-01
2.016806722689075741e+03 1.753015146031021132e+01 2.235948504337599502e+25 1.271866120761520613e-01
2.029411764705882433e+03 1.987739784756264783e+01 2.530790618770519726e+25 1.344409949707190965e-01
2.042016806722689125e+03 2.250848034246748597e+01 2.860554590479233575e+25 1.418531441827535211e-01
2.054621848739495817e+03 2.545412552965285968e+01 3.228908234000217365e+25 1.494122132967294625e-01
2.067226890756302510e+03 2.874801588996552226e+01 3.639855621151345425e+25 1.571074698435822592e-01
2.079831932773109202e+03 3.242704223973397859e+01 4.097763503788832033e+25 1.649286762187764654e-01
2.092436974789915894e+03 3.653157562991312091e+01 4.607389489447497443e+25 1.728664406381891228e-01
2.105042016806722586e+03 4.110576012571958415e+01 5.173912069651073527e+25 1.809124889515191792e-01
2.117647058823529278e+03 4.619782799153164632e+01 5.802962606324279206e+25 1.890598276927487331e-01
2.130252100840335970e+03 5.186043891746587775e+01 6.500659387821368764e+25 1.973027900142792224e-01
2.142857142857143117e+03 5.815104504356762760e+01 7.273643872650893208e+25 2.056369753869794204e-01
2.155462184873949809e+03 6.513228366542264780e+01 8.129119246075784858e+25 2.140591109845164375e-01
2.168067226890756501e+03 7.287239964164182027e+01 9.074891422454547416e+25 2.225668788424833011e-01
2.180672268907563193e+03 8.144569966953824292e+01 1.011941263452047683e+26 2.311587687331015384e-01
2.193277310924369885e+03 9.093304075089000094e+01 1.127182775983863329e+26 2.398340300224826860e-01
2.205882352941176578e+03 1.014223553353805301e+02 1.254202354449553669e+26 2.485928003308758572e-01
2.218487394957983270e+03 1.130092158056401530e+02 1.394068089474083769e+26 2.574364749229848814e-01
2.231092436974789962e+03 1.257974411552006586e+02 1.547933041888302633e+26 2.663683395296220224e-01
2.243697478991596654e+03 1.398997489096177844e+02 1.717041141432334858e+26 2.753944204111251626e-01
2.256302521008403346e+03 1.554384555519402795e+02 1.902733450826935974e+26 2.845244246971587732e-01
2.268907563025210038e+03 1.725462289370954068e+02 2.106454817548594796e+26 2.937725832520931557e-01
2.281512605042016730e+03 1.913668964160358712e+02 2.329760937249500447e+26 3.031582015383562090e-01
2.294117647058823422e+03 2.120563126401258671e+02 2.574325854500888652e+26 3.127057833076467563e-01
2.306722689075630115e+03 2.347832912796235121e+02 2.841949928415235511e+26 3.224446926082754072e-01
2.319327731092436807e+03 2.597306051677008440e+02 3.134568292727161148e+26 3.324084140540369270e-01
2.331932773109243499e+03 2.870960596735883428e+02 3.454259842091285205e+26 3.426335259276585554e-01
2.344537815126050191e+03 3.170936444155699405e+02 3.803256778694596748e+26 3.531585160730067452e-01
2.357142857142856883e+03 3.499547687469842003e+02 4.183954755785924692e+26 3.640225635092120826e-01
2.369747899159663575e+03 3.859295867865595255e+02 4.598923657401663813e+26 3.752643879210657007e-01
2.382352941176470722e+03 4.252884181184768977e+02 5.050919056416553859e+26 3.869212390233914833e-01
2.394957983193277414e+03 4.683232706580115519e+02 5.542894396075714218e+26 3.990280668458562330e-01
2.407563025210084106e+03 5.153494725655730235e+02 6.078013943368218583e+26 4.116168796928918461e-01
2.420168067226890798e+03 5.667074204956538779e+02 6.659666565982611378e+26 4.247162423084765992e-01
2.432773109243697490e+03 6.227644518880395026e+02 7.291480388140887213e+26 4.383507996278922514e-01
2.445378151260504183e+03 6.839168494464955756e+02 7.977338384332914766e+26 4.525406832969756099e-01
2.457983193277310875e+03 7.505919864053945503e+02 8.721394973864454710e+26 4.673007161969508494e-01
2.470588235294117567e+03 8.232506216573729034e+02 9.528093683181639108e+26 4.826394510876351185e-01
2.483193277310924259e+03 9.023893543052439554e+02 1.040218594713443443e+27 4.985581805443914938e-01
2.495798319327730951e+03 9.885432477089301528e+02 1.134875112468083917e+27 5.150500758092554365e-01
2.508403361344537643e+03 1.082288633623319356e+03 1.237321780900345022e+27 5.320995600689226723e-01
2.521008403361344790e+03 1.184246107565335706e+03 1.348138651659559881e+27 5.496819405148104520e-01
2.533613445378151482e+03 1.295083727108401035e+03 1.467945384456712806e+27 5.677632424829590629e-01
2.546218487394958174e+03 1.415520425379296512e+03 1.597403819020221791e+27 5.863001204641398179e-01
2.558823529411764866e+03 1.546329652626418920e+03 1.737220713166566108e+27 6.052396886082995753e-01
2.571428571428571558e+03 1.688343259338905455e+03 1.888150657368115100e+27 6.245191579170357166e-01
2.584033613445378251e+03 1.842455635023303330e+03 2.050999176698999888e+27 6.440653101727962238e-01
2.596638655462184943e+03 2.009628117387408565e+03 2.226626031542109683e+27 6.637940400221923332e-01
2.609243697478991635e+03 2.190893687339787448e+03 2.415948728946126379e+27 6.836103566571378742e-01
2.621848739495798327e+03 2.387361965887633232e+03 2.619946257029367295e+27 7.034092545671966068e-01
2.634453781512605019e+03 2.600224529704334600e+03 2.839663055336534323e+27 7.230777086626550831e-01
2.647058823529411711e+03 2.830760562841419869e+03 3.076213234564868482e+27 7.424977823078212635e-01
2.659663865546218403e+03 3.080342862776140919e+03 3.330785059586709646e+27 7.615505617811174632e-01
2.672268907563025095e+03 3.350444219716128373e+03 3.604645710206718998e+27 7.801204352172370626e-01
2.684873949579831788e+03 3.642644188824297544e+03 3.899146334602498904e+27 7.980991618892788741e-01
2.697478991596638480e+03 3.958636275781630047e+03 4.215727410909122208e+27 8.153892355559371197e-01
2.710084033613445172e+03 4.300235556869782158e+03 4.555924432919145019e+27 8.319062146068003649e-01
2.722689075630251864e+03 4.669386755530624214e+03 4.921373936382316663e+27 8.475799266952294131e-01
2.735294117647058556e+03 5.068172798143815271e+03 5.313819882902522333e+27 8.623546873432651472e-01
2.747899159663865248e+03 5.498823872556029528e+03 5.735120418944820747e+27 8.761888300505856764e-01
2.760504201680671940e+03 5.963727013695397545e+03 6.187255027982781918e+27 8.890538912926775339e-01
2.773109243697478632e+03 6.465436241410779076e+03 6.672332094336543157e+27 9.009337383907696228e-01
2.785714285714285779e+03 7.006683276487735384e+03 7.192596897775807661e+27 9.118238183924847196e-01
2.798319327731092471e+03 7.590388861608633306e+03 7.750440058489026889e+27 9.217305933294563935e-01
2.810924369747899163e+03 8.219674714844579285e+03 8.348406452552333135e+27 9.306711426032687751e-01
2.823529411764705856e+03 8.897876144087525972e+03 8.989204618566857284e+27 9.386728612103036884e-01
2.836134453781512548e+03 9.628555351654669721e+03 9.675716676674911555e+27 9.457731511050680995e-01
2.848739495798319240e+03 1.041551545911934409e+04 1.041100878171040969e+28 9.520189805220699020e-01
2.861344537815125932e+03 1.126281528324428655e+04 1.119834213278900582e+28 9.574661727264252020e-01
2.873949579831932624e+03 1.217478489471176181e+04 1.204118456219764873e+28 9.621782935325510211e-01
2.886554621848739771e+03 1.315604199216054985e+04 1.294322272700109076e+28 9.662250500354243599e-01
2.899159663865546463e+03 1.421150912485005392e+04 1.390837492734443131e+28 9.696801952479154885e-01
2.911764705882353155e+03 1.534643179807522392e+04 1.494080457599313077e+28 9.726190417884588157e-01
2.924369747899159847e+03 1.656639749625335025e+04 1.604493434421778250e+28 9.751157942082553376e-01
2.936974789915966539e+03 1.787735565939085427e+04 1.722546100969503150e+28 9.772409798940290271e-01
2.949579831932773232e+03 1.928563864941583597e+04 1.848737103266030451e+28 9.790592666227928564e-01
2.962184873949579924e+03 2.079798374362905815e+04 1.983595688711014579e+28 9.806278947455994155e-01
2.974789915966386616e+03 2.242155619327878230e+04 2.127683417440969791e+28 9.819958411889042615e-01
2.987394957983193308e+03 2.416397338600515286e+04 2.281595954721417623e+28 9.832037046436888916e-01
3.000000000000000000e+03 2.603333015162372249e+04 2.445964947215996834e+28 9.842841920627574126e-01
